7 21 28 
(-16168.699146061663+0j) (-16168.615813882003+0j) (-16168.615813882003+0j) (-16168.615813882003+0j) (-16168.615813882003+0j) (-16168.530547473769+0j) (-16168.615813882003+0j) (-16168.699146061665+0j) (-16168.615813882003+0j) (-16168.615813882003+0j) (-16168.530547473767+0j) (-16168.615813882003+0j) (-16168.615813882003+0j) (-16168.615813882003+0j) (-16168.699146061663+0j) (-16168.530547473765+0j) (-16168.615813882003+0j) (-16168.615813882003+0j) (-16168.615813882003+0j) (-16168.615813882003+0j) (-16168.530547473765+0j) (-16168.699146061665+0j) (-16168.615813882003+0j) (-16168.615813882003+0j) (-16168.615813882003+0j) (-16168.530547473767+0j) (-16168.615813882003+0j) (-16168.615813882003+0j) (-16168.699146061665+0j) (-16168.615813882003+0j) (-16168.530547473769+0j) (-16168.615813882003+0j) (-16168.615813882003+0j) (-16168.615813882003+0j) (-16168.615813882003+0j) (-16168.699146061663+0j) 