10 25 
(-16168.767533600392+0j) (-16168.828050271539+0j) (-16168.828050271539+0j) (-16168.828050271539+0j) (-16168.828050271539+0j) (-16168.887628284763+0j) (-16168.828050271539+0j) (-16168.767533600392+0j) (-16168.828050271539+0j) (-16168.828050271539+0j) (-16168.887628284765+0j) (-16168.828050271539+0j) (-16168.828050271539+0j) (-16168.828050271539+0j) (-16168.767533600392+0j) (-16168.887628284763+0j) (-16168.828050271539+0j) (-16168.828050271539+0j) (-16168.828050271539+0j) (-16168.828050271539+0j) (-16168.887628284763+0j) (-16168.767533600392+0j) (-16168.828050271539+0j) (-16168.828050271539+0j) (-16168.828050271539+0j) (-16168.887628284765+0j) (-16168.828050271539+0j) (-16168.828050271539+0j) (-16168.767533600392+0j) (-16168.828050271539+0j) (-16168.887628284763+0j) (-16168.828050271539+0j) (-16168.828050271539+0j) (-16168.828050271539+0j) (-16168.828050271539+0j) (-16168.767533600392+0j) 